3,2
10,15
10,179
10,223
10,77
10,115
10,89
10,263
10,167
11,27
11,29
11,21
9,2
9,3
8,7
8,16
8,10
8,9
8,6
8,2
8,3
39,4
39,3
39,2
39,1
39,0
38,6
38,5
38,4
38,3
38,2
38,1
38,0
35,4
35,3
35,2
35,1
35,0
34,5
34,4
34,3
34,2
34,1
34,0
32,5
32,4
32,3
32,2
32,1
32,0
26,3
26,2
26,1
26,0
24,3
24,2
24,1
24,0
23,4
23,3
23,2
23,1
23,0
20,3
20,2
20,1
19,3
19,2
19,1
12,3
18,1
12,2
18,3
12,1
11,26
11,25
14,1
11,23
11,22
11,19
11,18
11,17
11,15
14,3
11,12
11,11
13,1
11,10
13,3
11,9
11,7
11,6
11,5
11,3
11,2
11,1
10,297
10,292
10,285
10,269
10,268
10,267
10,264
10,243
